version https://git-lfs.github.com/spec/v1
oid sha256:236a9e59890262df92c229b620d50bdf5b3e788e51c22f555b608b2f6086d0e6
size 1956529
